75 61
-154 -107
-158 -183
46 46
-150 -130
43 42
25 51
-174 -141
-142 -178
-140 -174
34 33
-159 -192
-131 -181
80 26
-75 -129
7 47
-159 -200
-121 -144
-153 -110
-132 -132
37 38
95 40
67 53
-142 -204
-112 -157
-193 -163
64 51
50 54
-150 -135
-177 -153
-99 -146
58 60
54 56
17 44
-174 -145
-99 -94
-131 -102
39 37
-136 -186
30 92
39 73
-143 -170
-214 -118
-115 -102
-138 -159
58 14
-109 -171
-123 -172
67 17
43 74
-162 -139
20 23
-165 -137
-162 -153
-98 -109
58 56
62 56
60 63
-159 -108
37 45
-113 -124
58 62
-176 -139
21 66
-153 -173
-180 -93
-90 -171
-179 -147
82 58
77 25
34 91
-163 -191
52 45
5 29
22 88
52 36
-169 -117
49 35
-169 -156
34 61
44 69
-157 -85
62 48
-165 -172
-154 -172
30 71
59 75
-152 -147
-175 -188
27 71
63 69
44 70
-206 -201
-168 -129
-162 -122
74 54
49 20
-155 -176
6 82
-121 -171
-129 -138
65 51
-189 -118
28 56
86 53
-77 -135
-125 -102
-122 -144
-98 -176
54 68
-128 -119
-182 -159
61 15
45 28
-100 -137
52 24
-136 -179
48 73
34 74
23 32
96 19
-193 -179
24 49
72 47
-145 -137
61 36
-102 -143
-121 -142
-126 -131
75 49
-175 -120
48 29
63 77
-122 -181
98 74
-138 -153
-175 -158
53 43
-148 -164
-131 -128
-117 -179
44 29
-157 -161
100 13
-143 -157
61 26
66 53
-136 -108
55 14
-173 -148
61 76
-134 -164
-191 -135
59 27
52 62
-178 -127
-171 -162
42 62
-172 -143
35 22
-131 -165
-201 -146
-201 -147
-170 -138
22 41
-171 -130
55 52
-141 -93
-166 -137
-159 -123
71 46
-130 -186
-167 -113
-205 -150
71 24
-123 -116
68 36
-164 -218
-203 -170
-158 -141
-192 -101
-160 -90
43 15
18 41
-131 -143
-160 -124
12 50
-195 -150
58 50
-116 -185
-156 -134
-163 -159
64 66
75 38
-117 -169
66 58
-145 -92
-135 -166
41 35
-114 -162
-128 -167
-169 -149
70 42
-137 -200
-179 -192
-144 -181
29 53
36 39
-136 -126
-192 -187
64 30
76 36
-165 -107
-148 -179
46 51
-222 -139
60 37
-113 -144
-97 -136
28 39
68 32
-182 -156
-154 -217
42 85
-152 -137
80 73
30 45
19 49
34 43
-102 -153
-183 -112
46 58
28 22
-138 -211
80 40
-148 -167
-210 -198
80 53
2 44
49 58
-173 -162
-159 -158
-168 -110
80 99
65 38
-115 -163
-115 -150
72 45
-113 -102
8 62
56 29
61 77
-184 -156
-165 -142
-193 -171
-135 -119
-178 -122
27 49
-131 -203
32 79
-187 -165
-185 -115
24 33
-130 -160
-176 -148
74 59
-155 -164
77 63
-145 -174
47 25
78 6
34 82
69 49
-195 -148
32 82
36 32
-94 -157
-190 -213
-132 -117
36 41
60 9
-164 -174
-140 -156
67 71
-162 -164
-136 -120
-154 -215
80 29
-156 -146
88 44
-150 -184
-160 -144
-187 -164
-138 -178
72 13
-225 -167
-53 -206
-216 -148
-126 -118
-157 -134
-122 -96
59 40
-126 -124
56 51
49 66
-191 -182
-124 -189
-173 -106
54 43
59 71
-143 -190
55 29
-115 -114
-125 -147
43 44
24 23
-147 -178
-135 -159
-158 -98
76 66
-152 -168
-144 -138
69 43
-135 -133
-133 -172
64 70
-163 -146
62 40
-148 -191
-123 -131
-144 -125
34 63
-154 -149
-151 -202
-163 -180
-152 -150
-128 -202
-189 -143
-143 -193
46 38
63 4
34 30
-166 -117
57 97
44 33
-187 -136
-124 -123
58 35
46 56
78 13
34 67
-207 -163
-121 -90
-183 -151
90 28
52 27
-155 -133
54 39
-105 -146
-143 -166
-183 -145
78 70
-127 -146
14 32
45 49
-128 -106
-134 -94
42 68
50 44
58 85
14 29
74 33
-150 -147
-166 -143
55 48
-142 -160
77 57
-160 -161
-180 -146
-155 -151
-105 -167
56 60
-170 -72
19 37
-153 -171
52 52
-126 -185
-185 -202
67 43
-160 -157
32 57
44 30
-122 -163
60 70
-199 -143
-134 -146
44 61
84 50
49 44
-124 -142
-117 -133
36 59
-125 -169
-142 -148
-99 -154
-179 -143
-107 -177
-149 -188
-136 -149
47 49
22 70
-210 -153
-203 -109
-128 -131
-195 -143
62 67
-131 -126
91 65
69 16
-109 -95
-171 -169
-142 -137
-150 -126
-123 -161
35 54
-144 -119
-169 -139
-161 -137
44 49
-166 -128
-184 -133
-126 -140
-111 -137
-178 -201
-167 -163
-153 -169
-157 -101
-150 -142
-161 -181
102 50
17 53
-123 -151
19 17
-179 -117
57 31
-165 -122
-135 -182
-167 -149
-163 -99
-111 -195
45 34
36 85
44 76
-93 -169
47 94
44 61
49 72
-115 -98
-96 -193
29 34
64 56
66 32
-160 -121
80 47
-148 -152
-153 -203
89 60
24 41
-160 -171
49 25
12 26
-141 -179
-169 -172
-178 -187
17 56
-140 -96
37 38
54 59
-152 -182
-153 -141
30 59
-173 -115
6 40
-122 -137
-142 -110
-164 -134
-98 -150
56 39
53 59
-157 -108
21 40
51 18
-128 -168
67 -3
-145 -200
32 47
90 45
51 49
66 18
18 12
-102 -182
-182 -120
27 66
39 39
-115 -167
70 49
77 73
-217 -129
-117 -191
-165 -155
72 67
-137 -172
39 64
-160 -166
-183 -169
58 64
-154 -137
-149 -151
63 42
-153 -105
51 76
-144 -229
-159 -184
-133 -187
-173 -123
26 41
61 61
-198 -127
31 20
-158 -158
62 87
-168 -116
18 87
79 68
-156 -176
-74 -142
65 47
66 98
-174 -149
37 47
-154 -191
-198 -121
-126 -169
-192 -205
-133 -149
-153 -120
75 72
50 56
98 54
-154 -110
-172 -172
54 57
37 50
74 -1
37 49
27 35
-81 -185
-189 -192
18 45
-191 -163
79 15
-148 -119
41 34
44 57
-124 -121
-173 -130
-176 -166
61 43
49 30
-77 -176
37 34
66 24
51 48
-156 -146
22 48
19 48
-145 -128
-176 -142
49 71
-181 -147
-119 -191
92 41
52 69
49 49
-108 -105
-206 -96
-133 -131
72 42
79 52
-131 -90
42 44
36 38
55 75
47 42
-133 -134
30 52
44 52
54 46
-145 -195
-148 -208
78 29
-117 -144
-171 -160
-165 -150
42 75
-193 -94
-178 -193
46 51
-123 -131
58 40
52 83
30 27
-183 -169
68 75
37 51
41 51
49 52
-202 -172
-133 -141
-98 -178
-152 -155
42 47
-155 -139
-163 -116
81 34
33 46
-136 -94
-167 -120
20 47
-150 -139
43 55
39 59
-137 -166
12 85
-143 -186
-120 -134
62 70
57 61
-169 -160
-177 -180
-192 -136
65 75
-178 -192
-150 -138
-120 -138
33 19
-160 -179
-97 -190
-86 -154
-180 -109
-182 -167
46 55
-136 -157
-164 -166
42 62
97 76
81 35
-141 -159
-174 -165
43 34
-138 -171
3 59
28 21
67 79
-176 -147
53 66
40 47
46 48
-141 -146
27 63
41 50
-160 -169
-151 -152
55 25
24 70
-133 -117
37 58
-119 -157
65 24
68 71
70 55
-152 -198
-127 -131
76 28
-150 -192
53 58
-132 -153
26 26
-159 -128
39 103
-140 -128
57 57
-150 -199
-141 -156
47 66
57 40
73 51
68 16
-101 -145
-180 -132
39 60
-147 -180
-203 -129
-166 -139
-86 -178
-158 -208
59 39
-132 -126
22 60
-118 -154
-142 -174
42 37
40 81
-189 -185
-189 -140
34 63
55 74
-142 -193
-170 -191
8 46
-196 -128
77 50
-162 -159
4 54
14 39
-94 -191
8 45
44 63
23 49
48 17
79 42
-184 -160
-165 -193
-159 -160
62 51
71 79
-134 -158
-183 -140
-120 -121
-169 -182
-142 -166
-139 -152
-157 -109
66 48
-120 -146
-159 -182
-180 -82
50 69
31 69
5 66
56 50
52 28
-146 -148
52 60
43 41
48 35
-122 -151
70 80
47 36
-160 -192
-173 -192
43 43
-167 -148
32 47
-124 -178
-110 -171
-147 -129
21 73
45 67
65 54
28 26
53 53
72 68
-125 -178
-191 -179
49 -2
-102 -146
58 35
27 48
12 26
-184 -149
-124 -154
40 122
94 55
-146 -139
-118 -144
-134 -126
53 74
41 64
-180 -166
57 88
23 61
94 31
54 73
27 62
88 -14
-126 -139
3 69
-136 -104
-111 -128
45 36
-156 -149
89 61
-100 -136
45 29
76 9
35 40
-145 -119
-163 -126
-190 -134
54 80
42 61
-176 -176
-102 -104
-157 -215
-147 -135
-147 -142
32 43
66 23
46 96
44 46
-195 -141
20 85
44 42
-148 -116
84 39
18 58
-153 -124
-2 68
-149 -129
-176 -120
33 40
-144 -122
-95 -207
-171 -123
-139 -194
-185 -133
56 58
-146 -169
-150 -169
-92 -201
-191 -178
-70 -165
-148 -158
83 46
-102 -130
113 38
-107 -190
-172 -133
22 56
42 23
74 53
43 85
-166 -132
-174 -157
34 26
-99 -198
43 60
60 34
-164 -116
-135 -150
39 58
-164 -163
-205 -158
-104 -163
65 77
65 31
-165 -145
32 28
46 29
-94 -117
48 63
-139 -153
-137 -161
-161 -128
-156 -154
-164 -134
-143 -185
80 49
68 20
36 71
50 11
47 55
53 23
-169 -127
78 62
-104 -139
54 58
39 59
34 42
75 44
-122 -146
-166 -177
46 30
-58 -141
-145 -225
-169 -126
-160 -224
-171 -131
35 37
-138 -118
51 32
-109 -171
78 64
39 36
48 104
-168 -124
41 53
-91 -138
74 20
-121 -132
-100 -163
49 60
57 41
-152 -136
33 54
53 40
32 48
-181 -93
-123 -149
-143 -154
-135 -109
-103 -175
-99 -137
55 88
-143 -91
44 26
-144 -180
-107 -149
-87 -156
54 47
22 93
43 46
33 55
20 42
76 37
-182 -139
17 25
-167 -130
34 79
58 58
50 36
-138 -69
-153 -152
-99 -133
18 59
-137 -132
38 10
-178 -139
49 58
-187 -119
-189 -151
43 19
44 2
66 49
117 82
-224 -125
97 11
59 63
-123 -206
-191 -102
62 67
-94 -179
-180 -139
-140 -117
-143 -169
-119 -113
72 71
-183 -168
45 58
-152 -178
51 70
-165 -139
-140 -139
-138 -124
50 84
-155 -110
-162 -176
44 34
-127 -153
-155 -127
-171 -135
55 52
35 29
64 15
-109 -80
37 39
-107 -92
27 108
69 49
59 29
74 52
60 38
-143 -160
-143 -109
45 30
-130 -127
31 74
63 74
50 43
-181 -146
-196 -179
48 63
36 77
-129 -189
-116 -167
-122 -155
-178 -135
53 52
-171 -110
61 33
44 62
25 41
36 30
22 53
49 52
-134 -140
79 14
-178 -174
55 95
-127 -168
37 43
-175 -135
-199 -133
40 41
46 60
32 59
-111 -169
43 49
58 71
-174 -139
46 30
71 28
49 39
-98 -149
74 71
31 21
62 44
58 42
70 52
57 75
55 110
-185 -110
56 33
-142 -230
-184 -177
-121 -201
-178 -87
-142 -128
45 73
67 49
-147 -189
18 -2
-144 -146
-177 -191
54 50
45 69
39 70
75 70
67 46
11 47
-197 -127
-88 -109
51 43
-134 -193
57 73
36 75
-158 -149
60 42
-101 -164
-122 -144
-181 -165
-149 -140
35 29
50 31
79 45
-206 -135
11 37
69 58
36 24
-177 -183
83 37
35 75
45 41
-131 -158
73 40
-142 -140
-222 -186
102 50
-102 -216
-217 -167
32 42
36 50
-218 -167
50 43
82 63
-155 -171
-155 -158
-90 -134
-159 -167
52 34
46 65
-131 -141
-157 -135
-186 -185
69 59
21 50
57 73
80 79
86 55
-112 -196
45 45
107 89
-133 -158
-152 -141
-190 -143
-129 -180
-117 -157
-138 -154
69 35
57 81
31 50
-126 -182
-137 -154
-118 -171
-134 -176
-131 -148
54 66
49 54
-149 -152
-141 -135
-179 -151
50 78
58 69
31 63
-146 -167
47 36
38 30
-112 -142
92 37
-125 -156
-146 -129
55 46
23 30
-161 -183
50 61
-181 -127
-152 -188
47 68
-148 -184
21 58
40 73
-176 -138
60 49
-184 -145
60 7
43 87
-152 -159
40 38
54 26
-166 -142
-130 -132
75 22
-104 -196
-133 -151
-115 -142
77 71
-136 -126
-162 -159
-198 -166
53 55
-142 -148
41 41
26 2
51 57
-162 -195
83 41
80 8
53 62
38 83
34 18
-141 -149
62 53
-93 -137
46 92
27 47
74 30
-110 -84
-173 -161
-188 -163
52 67
-148 -158
-223 -72
-111 -140
-125 -152
-131 -102
-120 -156
-172 -165
60 60
59 56
17 46
-157 -152
87 73
63 65
-128 -168
61 46
-115 -191
19 46
-98 -186
-158 -156
-148 -150
59 32
75 15
-148 -162
57 48
50 31
-174 -158
-164 -177
-106 -198
-182 -204
-144 -139
-132 -150
-195 -132
-105 -209
-166 -207
77 50
-143 -188
-208 -188
68 59
-114 -174
-173 -174
66 29
-157 -116
-177 -182
85 56
-177 -205
-153 -124
38 49
-114 -146
-168 -170
-141 -149
33 35
29 31
-154 -155
81 43
-98 -128
-158 -141
12 48
-171 -182
35 -1
-135 -145
70 74
47 41
-138 -161
-140 -175
34 47
-175 -160
-51 -97
37 15
-155 -125
40 79
58 37
-162 -147
-172 -103
-168 -142
-169 -154
-130 -151
44 73
-146 -136
-180 -124
40 42
-126 -178
-124 -136
-215 -117
45 13
-198 -112
41 44
-142 -163
24 66
68 23
3 26
35 48
26 28
67 59
-166 -158
-160 -143
-153 -123
33 52
47 40
19 47
-173 -113
-131 -174
-157 -139
-136 -127
-142 -132
-209 -175
-159 -135
63 70
-136 -204
72 54
-203 -93
34 41
-189 -135
-154 -114
50 54
58 52
55 51
56 62
22 101
-190 -154
23 33
-142 -147
68 22
51 46
71 43
65 47
-199 -192
32 106
-167 -196
-156 -166
46 54
58 45
22 42
41 20
50 35
65 43
-153 -127
-164 -164
68 44
-145 -163
58 117
-182 -156
74 -6
6 65
53 35
-151 -189
-124 -185
-169 -102
-165 -99
45 25
66 58
24 68
-115 -197
-175 -153
59 58
-191 -150
77 34
47 61
73 73
44 47
-159 -169
-112 -133
69 19
-164 -156
60 69
57 65
39 58
37 18
47 35
-183 -187
12 76
92 52
19 21
77 41
-92 -166
85 50
39 54
-163 -146
81 55
-160 -99
73 61
-154 -105
83 84
-216 -167
-125 -178
-155 -185
51 90
-153 -168
-167 -166
67 28
66 67
72 -3
-170 -174
-155 -134
-151 -153
72 37
-128 -166
31 59
-110 -149
-100 -253
51 55
6 78
-158 -141
-156 -107
0 33
61 64
9 61
39 63
-155 -139
-139 -139
71 45
-168 -142
39 11
-202 -130
-131 -196
-148 -146
61 42
34 45
-184 -133
24 30
-162 -180
-159 -125
61 50
36 57
-147 -190
-167 -120
-132 -117
-187 -157
39 31
-131 -176
-140 -193
90 8
64 43
28 67
76 49
-92 -156
-155 -163
88 71
-151 -144
58 72
36 56
44 43
-139 -175
33 55
-132 -106
-126 -155
67 45
60 56
-140 -142
23 60
53 57
-128 -133
68 20
42 37
39 84
-114 -166
29 88
-126 -112
27 54
39 46
-200 -166
45 24
-131 -171
61 47
34 44
-118 -161
-159 -139
-99 -184
-167 -108
-179 -138
-148 -144
65 65
-179 -160
84 24
67 54
55 50
-81 -168
-163 -159
61 51
-174 -154
-112 -137
68 26
-121 -157
62 51
-182 -156
59 72
-150 -130
-128 -214
24 31
-158 -185
50 74
-190 -149
-120 -229
-171 -82
36 62
-98 -109
-164 -144
-171 -169
63 61
31 7
-170 -157
-105 -102
-154 -131
43 41
-169 -177
76 54
92 33
-141 -110
-165 -164
54 56
41 63
-171 -157
26 24
-75 -105
84 44
25 39
47 12
67 44
40 61
58 12
45 54
-140 -155
-167 -150
13 55
56 50
22 94
26 51
-149 -96
-195 -115
51 45
73 66
65 86
57 12
45 77
-166 -140
-164 -106
44 76
74 46
93 23
-158 -95
-166 -77
34 32
-149 -148
46 40
-93 -124
6 47
30 70
59 80
32 34
-113 -172
-115 -107
60 89
-140 -192
52 14
-137 -152
66 27
76 24
-134 -160
70 94
-101 -162
69 45
-93 -176
44 58
60 56
12 41
38 64
-132 -150
-91 -136
-162 -126
-160 -101
42 24
62 46
-121 -175
42 86
48 70
-155 -156
-170 -191
52 13
-132 -117
-151 -167
40 60
60 35
-163 -147
-162 -186
11 43
-157 -145
-156 -194
58 42
-148 -131
62 43
-115 -165
-110 -103
-120 -124
27 70
45 38
-154 -137
-184 -156
69 63
-156 -153
64 32
-152 -134
72 52
33 36
50 67
-154 -164
-121 -140
-111 -163
49 83
-164 -104
-159 -116
-177 -176
-149 -142
-199 -196
-159 -157
-125 -135
66 54
72 45
-221 -208
69 45
49 64
-147 -185
-135 -144
2 51
65 62
48 68
42 51
-191 -141
-147 -131
-140 -135
-149 -151
-140 -129
-131 -174
11 43
80 23
41 20
-212 -151
45 67
-194 -147
-167 -125
31 79
41 75
-116 -167
49 52
-149 -131
-110 -137
-146 -155
-159 -141
-146 -158
82 54
67 48
39 67
60 27
-102 -149
62 21
-125 -151
-141 -174
44 35
62 9
47 58
25 83
52 33
-179 -133
66 63
35 2
45 56
-152 -168
-138 -183
-196 -126
-171 -180
61 3
47 27
93 29
-164 -97
-163 -151
49 75
81 33
-130 -159
-158 -183
-159 -168
-117 -161
-130 -132
34 20
39 44
-158 -99
-97 -168
57 70
60 63
36 63
17 34
-42 -189
82 63
-86 -134
-174 -167
-170 -172
42 55
-94 -143
-142 -156
-66 -107
-170 -157
-136 -147
99 51
55 13
44 87
-161 -165
-164 -135
32 29
-175 -175
53 16
-157 -182
24 35
84 32
67 74
40 85
-174 -141
51 59
-175 -150
-149 -160
-130 -166
42 60
-149 -160
-156 -161
-191 -153
-176 -150
27 66
36 74
-171 -141
57 58
-162 -187
-167 -135
-128 -202
68 3
-228 -158
77 43
-118 -137
-110 -196
-184 -167
-117 -81
35 39
56 63
-140 -179
38 29
79 39
55 64
55 55
64 73
-133 -139
-166 -161
40 51
-176 -167
57 64
34 32
-165 -131
42 72
53 69
-120 -139
-136 -91
66 38
25 37
-167 -140
68 14
72 9
62 62
83 67
-126 -155
-123 -140
-157 -184
40 84
67 43
34 67
57 54
41 24
50 31
36 41
-161 -144
-177 -93
-182 -167
-142 -172
-151 -184
13 55
-136 -95
-132 -210
56 42
-167 -173
-122 -183
29 36
-97 -113
-158 -163
68 63
53 45
51 71
69 80
44 65
-126 -184
-115 -157
16 36
45 62
-134 -198
34 27
76 69
-183 -149
-132 -148
-169 -99
51 18
-105 -140
76 39
80 49
-143 -155
28 88
-112 -153
-171 -155
-117 -131
-175 -172
-156 -81
19 68
-129 -146
-172 -159
-147 -176
-157 -161
14 7
-230 -135
61 62
62 72
-171 -166
17 57
-117 -183
-125 -103
-80 -153
-177 -176
64 51
-139 -123
-132 -132
45 76
-118 -107
-174 -163
-183 -161
80 45
-123 -164
-155 -122
-110 -155
-139 -184
19 35
-172 -138
-128 -151
-105 -129
48 51
-92 -164
-156 -121
24 47
68 53
-177 -174
56 37
57 40
-147 -120
50 57
-135 -139
-154 -133
-101 -193
-131 -165
-165 -152
-194 -138
-168 -100
30 53
42 51
19 37
-200 -187
62 53
-221 -139
52 38
-130 -198
-186 -153
42 77
57 62
68 42
50 50
30 40
-155 -149
20 54
69 55
-172 -145
-164 -192
-204 -163
45 42
-163 -143
45 75
55 71
-177 -160
-175 -210
-207 -183
-113 -94
31 36
86 70
39 20
10 53
50 66
-165 -155
-181 -135
-214 -131
-124 -154
-211 -162
14 47
31 83
-162 -193
-103 -178
27 45
-74 -143
73 68
-181 -184
-102 -113
-62 -186
-121 -111
-167 -122
55 57
5 66
-135 -101
-168 -161
72 32
26 65
-89 -114
-176 -139
-168 -208
-137 -109
68 14
62 57
59 46
60 13
-131 -116
-88 -179
-197 -182
-161 -125
68 44
-135 -182
-153 -135
-92 -163
77 47
33 73
-167 -154
-148 -173
-194 -178
-142 -114
-185 -178
50 49
-159 -110
-146 -97
-195 -142
-189 -140
53 49
-142 -217
-183 -157
-165 -155
-82 -152
25 55
74 76
-173 -169
-168 -108
-110 -148
-172 -86
-192 -155
-136 -179
77 54
-157 -126
56 69
-147 -104
92 58
15 16
-174 -136
-180 -166
66 55
-163 -209
27 16
39 57
36 24
34 49
-188 -187
-133 -113
61 55
23 21
-120 -144
-183 -129
-184 -183
-183 -120
57 61
81 64
29 46
33 64
-126 -163
76 19
-180 -170
-113 -143
-128 -130
41 42
-136 -119
70 101
52 -3
-201 -159
41 51
42 42
72 50
56 46
27 7
79 67
49 42
-147 -174
-126 -136
47 39
-152 -109
-134 -156
62 35
73 61
77 40
64 59
-137 -175
-148 -144
44 86
-129 -161
61 41
-174 -137
-199 -149
-139 -172
-143 -171
19 61
49 -2
-168 -160
65 85
-101 -168
44 60
103 33
-176 -160
57 64
49 13
-172 -151
-133 -126
-151 -147
50 30
-145 -145
20 66
65 60
26 83
-179 -166
59 54
97 58
56 22
-181 -161
24 59
74 67
65 59
-188 -151
-177 -156
78 66
-195 -174
73 54
37 57
71 34
-148 -97
57 62
-113 -108
-194 -143
93 23
43 0
-116 -166
-120 -180
-151 -143
76 68
29 56
-186 -198
-92 -197
-151 -174
61 59
-124 -170
-175 -149
32 14
-144 -131
-174 -161
-105 -162
-117 -127
-140 -162
50 60
-146 -66
41 63
52 35
-182 -91
-128 -224
-135 -166
41 29
28 25
-128 -165
48 40
-111 -217
51 43
-126 -141
-129 -126
54 27
19 87
-143 -156
-137 -103
-126 -159
-105 -126
-162 -154
-180 -203
19 71
-167 -149
-94 -187
43 19
-171 -96
-144 -124
-178 -114
29 32
40 68
-163 -105
33 86
-144 -154
-196 -135
-121 -143
-79 -147
-133 -187
-153 -165
25 45
96 51
-154 -103
-155 -224
7 54
-154 -161
70 65
-222 -122
-156 -126
64 49
-136 -137
-118 -134
62 60
58 32
-162 -173
58 44
-159 -174
-174 -121
-156 -121
31 61
-149 -167
-163 -125
-183 -121
-135 -110
-164 -140
44 60
-135 -167
-175 -142
70 55
60 33
-102 -113
-176 -122
32 76
50 45
24 35
60 51
-141 -161
68 41
-146 -200
-151 -146
-139 -162
-162 -186
86 48
-192 -149
-146 -204
34 59
-142 -121
33 66
76 46
-120 -134
-151 -184
55 93
67 29
-149 -178
54 62
36 55
26 49
-185 -166
-138 -138
20 44
58 41
-134 -176
51 19
-139 -154
59 60
81 16
-110 -172
33 32
48 42
66 37
-186 -174
21 37
86 51
31 22
25 26
60 55
-159 -187
-149 -117
52 16
-114 -122
63 58
-147 -192
22 61
-114 -193
55 62
80 36
-119 -145
-159 -150
92 27
-174 -100
-131 -157
55 51
-204 -103
80 35
-93 -122
-182 -140
-198 -130
-167 -84
72 20
36 60
43 81
31 47
17 10
39 72
-178 -160
48 37
29 61
31 37
-161 -156
47 23
57 47
-84 -102
-94 -172
-89 -101
32 89
-186 -79
29 47
66 52
-108 -150
48 66
-188 -65
-157 -126
-149 -231
-160 -139
60 58
-206 -169
54 43
-207 -196
9 5
-158 -204
53 89
-196 -181
50 50
-196 -111
-177 -217
43 63
27 77
-91 -143
25 39
-145 -144
69 69
-99 -111
-142 -137
34 29
-174 -156
73 63
-180 -150
1 36
44 50
81 74
-120 -148
30 68
46 39
-201 -165
-146 -149
-157 -177
27 79
74 54
-233 -162
35 39
21 49
37 59
-104 -147
72 62
28 51
-167 -152
-115 -115
-150 -199
-224 -125
-146 -198
54 50
-182 -115
-140 -158
59 33
55 38
54 49
75 60
-173 -117
-196 -159
56 49
40 55
25 51
45 30
-101 -135
-165 -156
-155 -109
44 45
-147 -160
-157 -167
-166 -142
64 37
63 54
58 49
85 65
-136 -141
18 87
80 53
12 45
-157 -123
-150 -126
49 14
-138 -188
-92 -200
-140 -174
54 44
-110 -133
46 41
65 49
-160 -153
-177 -117
-99 -106
-149 -150
63 32
-190 -115
-143 -179
-169 -136
79 37
-156 -108
-192 -100
70 58
50 57
-165 -206
80 20
-137 -146
84 50
67 12
-150 -99
58 59
-180 -108
39 57
58 60
-151 -166
-141 -83
-196 -162
-124 -180
56 55
-135 -172
37 65
14 51
-190 -162
46 59
65 85
-106 -130
-151 -136
62 82
-170 -216
-166 -158
-147 -95
-118 -140
-190 -131
-136 -141
-177 -119
46 68
-191 -181
57 70
61 44
69 36
-148 -139
-122 -163
63 48
-160 -105
-152 -236
-221 -98
-127 -208
-166 -154
13 33
-165 -142
-153 -121
-201 -206
23 77
55 65
-151 -152
-161 -99
38 17
-172 -176
-182 -100
69 54
-150 -137
-113 -187
23 77
53 -9
-151 -149
-138 -188
-154 -165
44 26
-126 -143
59 43
-102 -164
-151 -130
-154 -117
-182 -170
-126 -201
59 84
-185 -176
41 54
42 36
-153 -165
38 48
-220 -163
-138 -110
89 57
64 45
-125 -118
-158 -127
52 64
27 62
-152 -166
39 31
55 43
-143 -141
-153 -148
-120 -123
61 49
62 59
-175 -143
-188 -165
-93 -175
78 -8
-219 -119
-161 -165
-145 -149
56 27
-121 -146
-133 -133
-121 -83
-159 -150
-169 -128
-172 -238
-192 -152
39 54
-150 -145
45 36
62 55
-178 -130
42 33
-131 -150
-117 -107
-185 -169
-176 -196
78 84
59 56
-137 -166
68 49
49 33
-111 -157
81 51
42 58
-126 -115
-137 -125
73 32
76 42
-77 -164
82 60
-180 -165
62 24
-119 -169
64 71
61 43
16 46
64 66
66 48
-152 -135
-135 -151
-131 -131
-156 -207
-109 -157
48 65
34 38
-178 -166
29 49
-136 -130
46 74
51 73
-137 -127
44 32
63 49
47 70
47 60
-129 -146
36 35
82 25
29 47
37 66
63 73
-141 -109
61 63
-142 -167
58 78
47 41
-151 -102
-164 -157
47 38
-156 -237
-132 -155
67 50
69 61
-182 -151
-136 -100
-153 -180
34 64
34 55
19 54
56 75
-164 -133
-141 -172
74 101
-195 -130
-120 -160
67 70
-136 -137
38 21
-141 -158
-160 -134
-133 -143
23 39
51 45
-134 -95
47 73
-197 -184
36 63
-132 -167
40 56
-119 -201
-176 -94
66 14
66 33
-100 -161
-183 -140
-150 -156
41 60
-115 -112
-185 -194
36 64
47 67
-171 -169
66 42
-138 -178
-119 -167
-143 -179
40 41
-89 -146
-143 -170
49 38
56 37
-133 -140
32 66
-188 -172
-159 -139
-170 -207
-152 -167
24 38
57 72
-160 -158
-164 -120
80 53
-131 -139
34 51
63 41
83 45
-151 -143
80 23
55 41
-131 -191
30 58
-155 -189
64 102
11 43
87 22
-148 -204
-152 -159
-197 -237
29 50
-151 -149
66 89
-131 -119
77 77
-164 -130
53 53
92 74
-173 -196
-193 -189
46 41
36 38
40 43
66 57
27 69
-209 -156
59 31
79 14
23 61
59 92
-127 -162
-204 -123
-122 -121
-153 -121
66 39
25 46
71 73
-160 -166
25 55
53 46
31 33
-107 -211
-172 -86
30 36
-156 -164
-93 -125
-137 -181
94 77
62 16
-202 -127
-118 -193
45 30
-152 -88
23 63
-156 -137
-120 -148
-117 -195
-117 -165
48 60
52 -1
67 45
-142 -141
-123 -133
41 5
57 43
-105 -142
85 46
-64 -135
-176 -134
53 61
-131 -188
-124 -244
-169 -162
11 50
49 56
-180 -111
-165 -136
82 89
58 46
-165 -190
-142 -146
64 55
-118 -178
59 57
-178 -165
60 68
-152 -172
12 46
70 87
-174 -157
41 64
25 85
-145 -161
22 55
-148 -118
12 27
-151 -131
-160 -118
-131 -142
-127 -141
-135 -137
33 67
-130 -141
-178 -131
-161 -152
-101 -155
46 36
38 59
-195 -208
62 63
74 60
-106 -167
-141 -118
-133 -171
50 30
-109 -150
-187 -123
52 77
-90 -149
34 35
-154 -136
-166 -185
-174 -140
49 40
76 3
73 40
38 23
56 35
-126 -125
83 32
-189 -156
40 76
-134 -95
69 46
-157 -149
-150 -149
87 55
-60 -130
-183 -132
-127 -152
-162 -108
-128 -138
-153 -118
-191 -207
34 57
44 41
24 48
25 32
-157 -103
-196 -119
31 39
-141 -201
27 66
-158 -157
-189 -148
-143 -115
77 65
-155 -153
-171 -172
-153 -203
-189 -176
22 40
-164 -138
-154 -142
-139 -149
-133 -166
35 60
-126 -184
-152 -162
75 42
-136 -107
47 58
-192 -144
38 21
-160 -158
58 38
-161 -200
53 52
31 82
68 59
35 44
-110 -117
51 30
-166 -124
46 75
60 65
-137 -138
-168 -162
-91 -130
34 35
-166 -216
55 22
52 54
-180 -139
-187 -168
53 49
20 58
26 36
83 38
-135 -164
-165 -208
36 45
38 56
-150 -107
24 45
62 36
-162 -176
19 62
79 70
58 19
-105 -125
-172 -149
81 37
78 84
74 37
76 42
-134 -203
32 24
-160 -99
38 57
-197 -119
66 60
65 54
19 45
49 51
62 51
-115 -159
-145 -105
63 82
35 46
-148 -137
49 9
71 36
-193 -145
-209 -194
38 57
40 45
-166 -128
-107 -173
65 75
-182 -127
-220 -164
61 75
37 53
20 78
-101 -178
-202 -161
-70 -130
-105 -158
52 28
54 42
52 60
-174 -105
-167 -153
-177 -150
-188 -143
66 53
22 52
-163 -130
48 55
-165 -132
84 41
53 59
54 31
37 51
76 69
-140 -100
-124 -160
43 48
-134 -97
-167 -162
-171 -142
35 64
-149 -172
-159 -160
-129 -184
67 74
-131 -183
41 10
-181 -117
-227 -133
49 48
-168 -178
-184 -154
-198 -157
-126 -174
-3 45
-152 -175
-102 -158
-146 -168
26 41
-189 -170
-162 -57
62 29
-130 -161
-160 -122
75 29
27 35
-161 -213
-171 -162
64 27
53 67
89 41
-177 -200
41 70
-172 -113
42 34
-91 -109
56 68
62 84
-195 -172
58 53
-161 -100
51 55
49 62
62 88
67 43
-164 -140
66 34
38 69
-158 -151
-216 -98
81 78
26 42
36 56
-162 -180
19 49
29 71
-149 -202
-174 -130
56 29
-128 -133
45 32
-138 -136
-163 -165
-165 -152
36 57
36 47
31 76
20 33
-181 -192
-197 -117
35 46
30 43
14 59
-80 -125
51 49
55 0
-135 -166
-163 -114
-161 -166
62 64
61 45
56 50
54 57
-161 -125
-165 -172
45 29
56 32
-154 -65
20 25
33 55
46 46
70 32
51 56
-191 -190
-119 -172
46 46
-148 -154
-140 -152
86 10
-138 -178
-203 -183
45 42
-138 -155
63 35
56 41
-187 -105
-174 -141
-145 -141
-140 -118
-132 -134
-94 -147
24 46
47 44
-183 -165
-128 -207
65 24
-173 -130
-131 -164
48 33
57 92
51 16
25 59
-117 -127
36 34
66 76
87 41
-181 -129
-149 -165
94 73
-150 -188
-152 -158
-140 -111
22 34
30 62
-171 -116
27 59
-143 -122
83 66
48 53
-142 -179
57 44
-161 -130
42 58
68 31
-147 -141
50 58
53 20
56 46
-116 -164
-176 -204
-171 -125
82 34
-135 -92
-166 -137
40 85
-130 -140
34 53
43 45
72 42
-162 -109
81 57
-140 -138
-160 -149
72 101
36 77
62 79
-110 -157
20 52
-133 -78
-120 -169
-149 -183
54 71
-125 -123
56 39
38 36
81 33
9 40
-131 -180
-148 -145
-152 -147
33 42
-154 -160
78 42
-174 -173
-199 -155
-119 -55
-157 -140
41 73
21 21
-187 -136
46 39
62 83
58 37
-234 -146
80 30
-189 -117
-113 -120
-164 -134
-216 -179
-110 -196
56 30
54 46
-152 -131
47 53
-138 -158
17 60
62 64
-113 -151
-123 -160
-170 -117
-151 -141
-162 -140
53 73
-115 -97
-139 -184
91 67
70 54
61 57
27 55
65 83
49 62
76 57
-139 -133
49 26
-183 -136
-191 -152
39 85
-146 -160
43 32
-171 -190
33 80
-133 -164
9 32
-168 -159
-72 -118
-141 -132
8 40
68 35
-160 -120
4 24
-141 -214
4 67
72 32
44 69
64 26
-12 67
-116 -134
-130 -160
-189 -136
52 38
-153 -135
-161 -204
37 38
63 74
-160 -161
16 43
53 61
56 52
-111 -124
-158 -195
36 58
-182 -114
41 16
-152 -181
80 44
36 19
8 48
-197 -148
33 44
-126 -166
52 64
-171 -181
-167 -128
-128 -171
-147 -97
38 47
42 67
74 65
75 38
46 58
-83 -142
-187 -154
75 26
-185 -82
71 40
-178 -154
10 48
86 52
34 32
-111 -143
-146 -127
48 84
49 23
58 34
-127 -163
-81 -123
50 43
-5 41
-96 -192
60 70
-133 -150
-138 -168
-149 -165
61 37
-123 -166
45 74
-145 -148
-181 -94
34 25
42 20
67 59
-139 -137
-121 -181
59 65
24 77
54 26
-137 -116
-118 -157
40 19
45 59
-121 -132
19 54
-102 -116
-178 -146
32 59
42 26
-172 -113
-130 -186
-111 -115
-139 -115
-139 -133
40 38
-127 -160
-136 -145
29 54
25 16
80 36
56 40
-208 -168
77 61
78 32
16 31
55 22
57 80
-158 -152
25 62
49 33
52 88
71 54
-148 -148
43 67
79 77
-176 -177
38 64
39 68
64 60
-135 -183
49 31
-167 -154
-182 -114
-158 -166
81 47
37 59
46 20
57 49
27 82
49 55
-184 -210
66 79
-114 -138
-126 -159
27 40
48 20
92 61
58 3
62 63
36 47
32 76
32 98
66 46
20 69
56 68
-141 -204
45 50
-164 -121
-182 -134
44 51
37 58
-209 -136
59 39
-168 -156
71 61
69 31
-204 -136
69 44
-175 -157
57 71
45 51
-140 -159
40 77
-149 -150
75 39
51 20
-124 -119
-111 -156
71 11
64 -3
-166 -108
-171 -178
42 38
81 9
-168 -150
36 44
-124 -176
-141 -127
-157 -206
-175 -100
-175 -128
-178 -134
45 49
-170 -154
76 50
-140 -186
-123 -177
-113 -196
-133 -73
-174 -141
45 22
-125 -134
65 53
43 54
38 42
42 38
-160 -136
-172 -136
56 61
-116 -175
-177 -136
44 60
-214 -152
47 54
78 36
44 67
36 51
-98 -123
33 66
-105 -108
-177 -147
76 57
40 66
28 42
49 72
26 67
-158 -195
-175 -151
-185 -154
-194 -174
-87 -207
87 49
-178 -235
44 49
34 49
56 33
-127 -149
-137 -176
-147 -204
52 39
35 20
-107 -145
-181 -125
68 59
73 84
44 62
-136 -117
44 88
-121 -158
-177 -125
-113 -138
-162 -178
-124 -145
71 66
-147 -147
-154 -163
33 40
-145 -196
96 65
51 79
61 28
50 34
58 2
51 74
79 45
56 37
40 55
31 57
-121 -137
-170 -133
-186 -132
50 47
49 52
-170 -136
64 59
-117 -134
36 52
-166 -144
61 30
-195 -132
-137 -226
24 61
55 50
-191 -121
64 75
-130 -137
57 61
24 52
-167 -121
-130 -195
60 61
-119 -186
32 59
62 65
83 47
-167 -129
-125 -166
-148 -148
-181 -203
57 108
-128 -142
-116 -154
-155 -162
-123 -118
-163 -190
-117 -153
36 90
-131 -132
-139 -196
-166 -152
-186 -152
15 59
8 70
80 55
-122 -94
61 20
-155 -198
36 39
30 64
-154 -177
91 48
36 61
90 26
43 68
-148 -169
-190 -142
35 74
51 66
62 47
-145 -118
-122 -110
-174 -182
-157 -216
39 66
16 40
22 48
38 42
-219 -205
28 58
-139 -95
-164 -139
-100 -150
-125 -198
77 72
31 60
19 55
50 46
20 76
38 77
-120 -194
-145 -154
44 50
49 52
-147 -147
-118 -178
-170 -164
-106 -129
-136 -176
-191 -118
38 29
-163 -134
73 29
53 63
-108 -120
-142 -137
42 82
34 49
82 68
-145 -101
63 27
-140 -117
-149 -160
-127 -165
36 25
62 48
-173 -171
-193 -206
80 54
-2 59
46 58
57 36
-152 -119
-139 -173
-125 -145
-140 -175
-132 -144
-179 -118
54 62
62 41
60 54
49 61
46 71
-110 -205
-191 -123
38 105
-133 -188
-167 -130
-193 -172
-131 -135
43 46
-203 -146
-167 -132
-144 -140
47 63
53 58
-162 -148
58 28
-156 -118
45 69
-141 -205
-213 -215
-179 -138
62 46
-194 -129
-144 -149
76 73
-133 -157
-217 -111
-106 -173
4 31
-170 -135
-115 -151
-137 -185
81 33
-152 -197
-139 -169
68 73
-145 -182
-174 -144
45 21
-221 -182
31 60
-130 -118
-223 -93
30 59
28 16
90 45
-158 -150
38 57
48 41
56 50
66 40
-167 -198
-183 -169
-123 -121
-148 -148
41 11
-138 -132
-157 -108
-146 -173
43 55
68 28
43 52
69 16
-121 -185
3 35
54 67
-143 -157
-168 -150
48 56
96 15
30 66
-76 -162
48 22
34 64
-135 -106
-176 -139
-169 -167
60 60
-152 -127
59 60
52 25
49 67
-126 -177
23 47
-150 -147
34 71
-209 -113
-97 -130
43 74
17 56
28 48
31 82
86 64
-104 -70
-4 25
-140 -168
69 46
26 56
-158 -157
52 69
54 16
79 60
74 71
40 95
-123 -162
40 32
-165 -177
41 56
47 34
-204 -148
-215 -114
-171 -181
57 52
55 27
-156 -171
-183 -145
-94 -155
-118 -181
70 71
18 63
40 10
25 88
33 80
-180 -162
71 41
-118 -184
-185 -109
-184 -169
-165 -170
37 35
-141 -102
32 68
-143 -101
-148 -152
-143 -144
-153 -185
24 42
27 54
-115 -171
-138 -131
-141 -172
-153 -202
-110 -176
63 46
-178 -143
51 41
-140 -132
-118 -165
61 56
75 66
40 34
-159 -163
17 81
-158 -142
-110 -116
9 45
50 67
-130 -108
46 71
-152 -165
47 37
-114 -155
-108 -174
65 54
-170 -127
-174 -146
-177 -180
-142 -174
42 83
21 46
-169 -173
-134 -86
31 44
-140 -144
-141 -102
55 5
37 52
29 56
23 28
-119 -164
-125 -159
84 54
-105 -147
59 51
-177 -100
-132 -209
-125 -160
45 43
58 53
-175 -172
-116 -120
-146 -148
34 55
79 62
-161 -162
-141 -136
41 59
-140 -114
-185 -193
-156 -145
-109 -135
42 51
44 25
-147 -161
-145 -195
14 45
91 20
-166 -120
32 38
34 74
-140 -165
64 61
87 30
-136 -203
-186 -149
42 62
40 73
-196 -150
-143 -150
-179 -170
85 71
-183 -117
-155 -173
34 52
54 51
-167 -137
53 65
87 57
34 84
60 56
-147 -162
55 68
40 63
-150 -115
29 58
47 41
53 39
34 84
-113 -160
43 26
-187 -154
82 29
-180 -172
-130 -113
54 35
70 58
-129 -175
54 27
-111 -180
69 32
-164 -171
53 54
-178 -165
-168 -177
32 51
-176 -169
56 48
78 45
37 10
-127 -151
83 55
52 49
24 66
112 57
-108 -171
69 81
20 60
27 55
41 73
-166 -83
-178 -116
61 38
29 58
-123 -151
53 52
-4 56
32 67
52 58
-205 -102
27 29
82 24
57 32
13 74
-218 -183
9 31
-102 -177
-146 -190
-92 -153
-159 -159
-181 -178
-80 -109
-130 -101
-188 -132
-165 -169
47 58
40 92
48 84
-119 -169
59 58
-130 -190
82 49
47 54
-204 -165
-190 -161
-89 -126
36 65
-109 -140
-211 -166
-217 -133
-130 -162
-160 -153
-149 -177
-136 -154
59 35
37 83
57 70
38 73
49 39
-142 -174
-115 -151
70 49
-118 -127
76 54
-161 -141
-151 -186
40 32
-134 -133
29 62
-148 -136
-152 -176
37 96
-78 -106
54 86
-139 -146
-126 -142
60 48
39 36
55 74
42 45
-161 -126
-120 -124
49 72
-125 -136
11 59
57 45
54 27
62 34
-140 -101
59 29
-166 -150
13 38
94 90
49 69
29 26
-108 -224
64 14
-140 -135
-114 -158
71 29
97 70
9 34
-108 -108
58 6
-137 -187
26 40
-120 -173
69 30
-146 -136
34 10
51 63
53 98
67 20
75 61
-139 -119
-101 -155
-218 -77
-170 -242
-158 -133
27 60
-143 -125
33 37
63 47
-159 -103
-115 -108
18 68
-135 -173
-137 -148
64 2
-64 -70
24 45
-164 -153
40 51
-175 -183
28 39
-114 -130
68 40
-106 -138
53 57
-165 -151
-123 -121
62 36
57 58
59 54
-145 -109
60 72
-178 -157
-219 -154
52 36
52 87
41 76
23 64
-163 -106
24 69
-147 -101
-155 -153
56 45
-145 -151
-185 -149
74 37
-123 -138
70 36
-187 -133
34 39
-157 -148
-114 -197
-130 -183
-156 -154
-213 -123
-161 -143
-184 -175
-139 -173
-101 -157
65 46
53 48
58 56
49 38
43 35
61 58
-138 -201
-126 -137
80 58
-124 -102
15 29
53 83
69 48
-193 -132
-128 -145
-127 -181
53 46
-184 -152
-176 -145
16 49
-171 -190
45 50
-181 -171
26 59
46 82
-151 -165
36 47
28 29
-125 -114
61 33
-157 -180
-183 -107
-157 -133
-200 -140
-128 -155
18 57
-141 -120
-139 -195
-218 -127
-143 -134
-153 -150
-2 44
58 44
-131 -93
101 43
-175 -116
-186 -131
66 49
44 39
30 85
-147 -118
-138 -188
59 65
56 36
59 49
-113 -188
-219 -147
-186 -168
75 78
83 75
-97 -121
-144 -115
42 17
35 16
76 32
-153 -180
-173 -178
34 47
32 58
-182 -173
50 83
53 77
-89 -163
-143 -157
17 59
-156 -215
-149 -154
37 46
-164 -124
19 43
62 51
-150 -188
-197 -172
-94 -213
-206 -151
11 62
-133 -154
42 37
49 40
-93 -127
64 63
34 20
39 51
-112 -198
83 58
-177 -167
-168 -160
-170 -173
40 57
70 43
-144 -201
64 31
-186 -133
61 71
-113 -69
-123 -124
15 52
21 50
80 67
6 41
-172 -133
-130 -186
